5
16
1024
0.550000
0.001000
0.000030
0.020000,0.150000,0.150000,0.200000,-0.100000
-0.030000,0.070000,0.100000,-0.050000,0.060000
0.050000,0.100000,-0.020000,-0.050000,0.050000
0.100000,-0.050000,0.040000,0.050000,0.100000
-0.050000,-0.100000,0.050000,0.100000,-0.050000
-1
0,23.740250,7.526623,-51.617805,-62.012554
1,23.279081,27.369219,-45.085995,68.590134
1,6.324213,18.650412,9.525383,26.879061
2,6.537110,18.910700,8.587776,18.002346
2,6.736058,18.773682,11.038827,1.229047
3,26.762606,8.380085,35.622513,-111.881401
3,27.289244,6.732914,-27.730988,-161.907761
4,25.304869,3.119231,-25.142786,-139.753220
4,25.951933,8.325185,-18.698565,-169.105972
0,27.577738,7.826968,-108.046959,-88.823273
1,5.423770,17.494619,9.478465,19.264069
1,6.189988,18.365219,-21.082108,23.535868
2,4.752052,18.428644,5.729591,-15.893664
2,24.563299,9.279528,-4.716106,53.064556
3,26.722437,6.762417,-48.856071,-89.774605
3,26.515631,6.719409,-21.251358,-118.515617
4,29.007696,18.252573,18.684547,4.699906
4,23.102497,10.825065,-99.632629,-3.200364
0,26.904745,7.690463,-56.756199,-29.215683
1,25.399427,5.191574,-40.031586,-133.846436
1,6.370253,18.269129,-8.831831,-8.381051
2,28.034935,8.686782,-44.829281,-69.978004
2,5.000168,17.790688,-9.914229,10.166398
3,27.950291,6.605715,11.817635,-52.876366
3,27.003958,7.371792,-40.701397,-159.438995
4,26.026840,7.769293,-71.411484,-83.015297
4,27.473269,5.729837,-20.716330,-71.435143
0,23.571444,8.362288,55.870216,97.092247
1,23.139486,29.530914,-39.918766,48.141315
1,4.218266,30.215141,2.509242,-9.551577
2,24.386938,7.334394,20.665279,-56.087986
2,11.538263,27.191925,0.817101,-1.120415
3,27.571835,6.694087,-112.555077,-123.628166
3,27.187346,6.923748,10.808728,-114.121948
4,14.073843,2.900467,0.054195,-0.032212
4,25.811275,7.764267,-51.790253,-96.373550
0,16.713892,14.274490,-3.972189,-7.398726
1,5.934205,17.823067,-2.376084,8.267512
1,24.893082,8.431639,-27.775164,-39.896160
2,5.082299,19.135946,1.653407,3.572017
2,10.342896,28.616276,-5.375707,-7.428197
3,26.326015,7.642639,-103.020142,-109.717758
3,28.163950,7.105211,45.051281,-48.097939
4,9.687746,6.733085,0.093798,-0.057200
4,27.239742,8.160994,72.099342,-131.316254
0,23.386208,29.182579,-22.603838,57.396915
1,10.304261,28.051739,1.750219,-1.707298
1,6.512517,18.703300,17.707729,-16.498289
2,6.147750,16.999710,-28.258141,40.489079
2,11.398364,28.619370,2.798924,-3.906396
3,26.320591,6.697067,-81.243530,-83.179688
3,26.910992,7.387934,-73.632950,-150.818436
4,25.315641,7.527949,-85.816940,-79.643074
4,8.092628,6.948955,0.050740,0.004270
0,23.592281,29.195280,-17.561407,42.609444
1,22.300028,7.838738,-38.849567,55.255005
1,22.804205,6.893883,-66.825249,-83.465454
2,4.924115,17.339661,14.643401,5.595997
2,10.349240,27.019854,0.309067,0.782980
3,26.973152,6.256723,-54.477371,-95.890480
3,26.786831,6.398674,-62.510738,-68.406380
4,27.275869,5.907396,-8.362529,-152.228592
4,26.061285,6.671572,-98.923988,-100.612808
0,23.633801,7.154698,-65.227493,21.991076
1,17.477711,14.954276,-2.058261,-7.337241
1,5.196906,17.899704,-7.694413,13.003739
2,16.807962,13.082088,-3.830417,-7.139031
2,6.195455,19.333593,9.617307,26.294573
3,26.761843,7.117695,-28.902100,-100.388245
3,26.024408,6.972586,-76.313179,-156.436493
4,27.795958,6.166779,-40.661819,-61.201019
4,26.252018,5.812096,-37.949707,-151.776764
0,23.218140,7.808832,-65.332077,-28.926714
1,22.876522,8.076825,-106.133781,46.221043
1,5.490306,17.645393,-1.816530,-18.058760
2,22.312294,29.009377,-5.623169,39.926544
2,7.040854,17.967657,-11.173396,-2.063103
3,27.501339,7.142291,-59.016998,-170.873642
3,26.597818,7.805730,-60.691109,-139.540939
4,25.417780,6.969440,-80.138512,-158.313873
4,20.599958,23.327122,-1.915611,-0.077394
0,23.610731,6.854742,30.200438,-57.815086
1,5.494058,18.558426,21.404472,5.375688
1,23.029499,6.985918,-38.814419,-73.052185
2,17.377417,13.452999,-4.034394,-7.964689
2,23.295427,6.700841,-13.954065,-123.693993
3,26.463585,8.210581,-55.721722,-127.998413
3,26.277456,7.752062,16.993902,-35.319584
4,26.198008,8.048417,-57.814480,-120.213196
4,26.269533,6.355759,-37.949009,-150.299957
0,5.990420,18.086626,-14.903653,3.660565
1,5.858458,18.025915,-9.341588,12.875338
1,22.821882,29.202730,-34.600227,43.257862
2,3.217058,30.453285,6.847854,-6.587769
2,28.584240,8.741088,-61.972057,-107.440170
3,26.804401,7.219714,3.709822,-57.755890
3,26.580996,8.304387,-56.558712,-94.224152
4,26.329712,6.030923,-66.460297,-70.042946
4,28.122185,7.753580,35.468300,-122.231163
0,24.042080,28.858027,-32.936733,55.172726
1,25.280699,31.521770,-45.117081,-33.816074
1,6.533696,18.335077,-2.689350,25.953236
2,27.627029,8.950280,-100.587128,-73.382622
2,24.312822,28.112673,-31.711477,63.648464
3,26.755640,8.054109,-45.966206,-104.416939
3,26.412205,6.876282,-48.952263,-113.054352
4,26.905115,6.153722,-3.271328,-87.788345
4,25.698889,7.323479,-73.894836,-174.255783
0,27.467800,7.366344,-45.540504,-97.030968
1,23.968189,7.450825,-63.798553,-26.370504
1,11.373649,28.090567,3.480113,-3.981815
2,5.290256,18.972746,-6.513396,28.317421
2,3.055803,29.568445,15.263278,-12.663317
3,26.459198,6.779723,-19.687542,-198.661194
3,26.461630,8.076157,-6.489050,-159.611481
4,27.478188,6.076282,-32.844772,-76.789566
4,27.069162,5.836954,-16.605656,-83.858643
0,27.171926,7.937494,-25.226797,-30.286613
1,17.437288,14.230886,-3.297038,-6.403489
1,5.807599,17.512905,17.916864,-24.184587
2,10.315691,28.963869,5.844961,-3.948239
2,5.735803,19.132820,5.927975,43.175148
3,26.963308,7.127903,-16.110933,-125.031265
3,27.631704,6.820451,-122.784119,-97.442787
4,25.554604,8.213619,-102.669579,-141.915146
4,26.114424,6.391614,-10.819983,-35.166145
0,27.400614,7.965467,-23.555096,-152.626205
1,5.628169,18.828035,10.800025,29.882364
1,5.800574,17.332237,4.770500,42.118835
2,5.931435,19.013966,9.466979,27.701220
2,24.091742,29.751909,-8.882721,61.183205
3,26.633108,6.239250,-75.447105,-148.613419
3,27.753763,6.884879,-36.565907,-126.502266
4,28.026611,17.004377,1.368414,0.821652
4,26.680338,5.910269,-64.465286,-137.549515
0,3.904355,29.844065,3.129524,-11.064497
1,6.032331,18.571136,0.726630,17.198124
1,25.159683,9.075169,-65.108795,-62.260128
2,6.511750,19.329380,11.272166,-16.903616
2,6.166973,16.710819,5.552458,33.690289
3,26.791275,7.521004,-23.063086,-85.606918
3,26.856642,6.499865,19.472439,-106.009659
4,25.781700,6.281561,-87.418076,-144.618469
4,27.748840,8.045175,-92.739578,-131.679901
0,10.460813,27.809839,4.550227,-3.125915
1,23.531086,29.410067,-26.611048,55.705639
1,23.070812,5.694005,31.821329,33.697716
2,7.023181,18.197878,26.506479,-23.822027
2,24.727924,29.204067,-12.967895,63.850460
3,27.986866,7.035027,-30.866714,-56.944359
3,26.787840,6.656571,-0.456020,-91.076050
4,23.406275,19.967535,-0.614161,0.410758
4,27.221924,5.496397,-38.313419,-49.382397
0,23.962261,7.219226,-147.667435,129.240402
1,5.781819,18.442759,5.833127,-12.942056
1,25.016750,29.588774,-37.332157,14.512895
2,22.564627,7.338406,-15.702604,-32.980610
2,6.564494,17.094524,-10.515137,17.873087
3,26.322823,7.557316,-8.106063,-102.280083
3,27.302422,8.561630,74.527542,-80.972191
4,25.900913,7.437818,-90.675720,-136.567596
4,25.826633,5.957982,-43.253784,-140.296921
0,27.759932,7.293872,-51.885296,-30.082182
1,6.486677,18.527069,-6.239492,-2.642496
1,11.368249,27.541826,0.283967,0.340806
2,12.084899,27.741308,-2.154825,-2.981616
2,5.988231,17.080000,13.250051,11.284952
3,27.191080,6.763493,-23.918821,-113.706245
3,26.555796,6.456130,-7.403198,-80.802666
4,26.904385,8.090350,-23.608368,-122.753990
4,28.057312,6.230983,0.726462,-119.688393
0,27.071646,8.073577,-9.586429,-102.491646
1,22.531603,27.516581,-26.656656,48.173737
1,24.979836,9.196763,58.893826,-113.056877
2,24.419052,7.876691,-207.888275,1.306995
2,7.194124,17.564695,-20.899633,-3.916146
3,26.540560,6.340635,-36.287727,-105.631546
3,27.508181,6.805002,-57.113861,-135.238388
4,25.437281,7.234089,-49.734627,-151.692368
4,12.256156,1.775464,0.000389,0.000161
0,23.601587,28.839443,-20.255117,50.138218
1,6.676656,18.580309,13.251082,13.090224
1,6.594936,18.171171,-22.589745,-12.043700
2,24.329996,6.378810,-18.374134,14.245536
2,26.485725,14.662493,-32.906902,-2.379259
3,26.793661,7.014169,-31.593580,-127.294502
3,26.176048,7.711751,-63.032795,-118.316452
4,26.078886,8.255992,-0.252053,-71.473656
4,25.623014,7.658069,-75.258720,-96.909271
0,25.338085,10.244866,54.024567,-161.701279
1,11.794691,28.644915,-6.347620,3.945892
1,17.129711,13.629971,-2.102006,-6.810891
2,2.833452,3.908379,3.189572,-0.552784
2,11.998625,28.197186,5.639900,2.184698
3,27.374184,6.658522,7.716696,-79.894905
3,27.022404,6.388371,-65.221306,-141.549576
4,13.885500,3.262326,-0.161078,-0.024698
4,27.778687,3.387824,39.389309,-52.815723
0,23.550005,28.668369,-28.906443,48.426559
1,5.610510,17.758795,7.971407,23.584394
1,24.752882,7.226202,-109.669662,104.781303
2,4.859461,18.742973,-15.523726,1.706781
2,16.078413,13.820929,-1.738392,-6.959673
3,26.205883,6.711637,-19.735369,-59.698360
3,26.343134,6.619644,-35.115334,-80.739609
4,13.764853,1.753191,0.061847,-0.141363
4,26.697870,2.442795,23.443985,-60.847691
0,17.192394,14.288049,-4.142183,-7.350635
1,5.626606,18.647896,1.400278,2.314498
1,10.416510,28.321177,5.778301,-1.213158
2,4.959065,18.214092,4.158102,-7.197472
2,16.446163,15.213287,-3.737098,-7.325748
3,27.387461,7.208500,-56.153423,-114.113281
3,27.367577,6.820391,-73.838501,-84.357971
4,28.630138,6.897719,-34.768181,-163.536682
4,12.590681,1.560588,-0.003822,-0.072321
0,17.140442,14.513189,-3.200206,-6.464402
1,24.592493,7.769123,-62.223682,-37.377632
1,16.863352,13.605109,-2.084559,-6.792029
2,23.284649,29.939297,-44.436142,43.531628
2,3.725662,30.391090,6.773623,-7.791420
3,26.686199,7.051228,-41.066593,-171.197845
3,27.753471,6.733417,-9.873211,-161.019241
4,9.982462,7.190173,-0.059974,-0.050774
4,27.961765,8.180339,-13.549120,-98.153214
0,23.041094,7.609268,47.649921,21.075520
1,23.016882,28.474682,-34.417515,42.195267
1,16.249344,14.364089,-2.227393,-5.824616
2,24.003561,30.068436,-25.844265,53.711018
2,16.651726,13.374893,-2.930372,-7.278469
3,27.230112,7.236328,-44.844917,-97.207314
3,13.706716,2.674289,-0.016533,0.024874
4,25.141865,0.104717,28.288982,30.780365
4,26.073231,6.268323,-48.093037,-59.632961
0,27.324772,7.463634,-36.171047,-156.613358
1,5.795125,17.708881,2.334584,-13.046701
1,5.822096,18.584019,11.355015,31.804117
2,22.787340,29.637983,-34.444496,37.599106
2,24.486341,28.575760,-20.535162,64.290138
3,26.982649,7.259914,-28.095242,-49.327663
3,27.094015,6.162606,4.775760,-87.761673
4,27.476034,8.269520,-0.249630,-68.848442
4,21.913149,1.975613,-16.381317,10.179742
0,23.390511,28.555099,-19.208847,42.601871
1,10.095576,28.282442,2.826720,1.416419
1,22.500751,8.506955,-23.180084,-74.840561
2,24.562769,27.929186,-36.468269,52.250160
2,22.909227,28.239489,-30.308804,39.248611
3,26.291059,7.023598,-51.921402,-122.077843
3,26.621832,6.975127,-62.820713,-123.395203
4,28.234671,5.879340,78.603172,-103.230019
4,27.015520,8.578865,8.168692,-149.650665
0,23.645676,28.474443,-22.846672,64.771286
1,16.947639,14.333737,-4.167475,-7.142082
1,5.506396,18.001976,9.228773,12.528045
2,5.525276,19.069021,-1.432921,7.430841
2,11.010880,28.687424,-0.403743,-2.422426
3,27.769632,7.071442,-102.477997,-114.058601
3,8.952216,7.301794,-0.056828,0.026681
4,28.211443,7.527997,16.745087,-89.186287
4,27.881914,6.286901,-31.102125,-137.965576
0,27.721624,7.618916,-55.863125,-112.465446
1,17.288097,14.028951,-2.836318,-8.039695
1,24.208691,6.965468,-6.459671,-110.362953
2,4.713896,29.306694,6.963560,-5.157232
2,22.640663,28.671124,-16.571144,38.622494
3,12.780157,2.284748,-0.046583,0.061708
3,26.072956,6.883615,99.697632,-71.600639
4,19.832777,28.467628,-15.001286,-0.290170
4,12.073710,13.675320,-6.721135,6.260889
0,27.073757,7.519387,-35.352970,-121.243500
1,22.087086,8.421529,-19.036203,3.478509
1,16.285961,14.063424,-4.066491,-7.864985
2,24.369568,29.618288,-10.756431,43.551773
2,24.443430,8.964551,-133.448029,18.592300
3,26.504871,7.684099,-27.766123,-49.789478
3,21.483381,11.894626,-46.560970,22.581312
4,25.350220,7.738274,0.537703,-203.235641
4,26.932026,5.909640,-42.351044,-41.682178
0,23.345472,8.047419,-70.119186,39.082073
1,23.895235,6.789763,67.438583,-37.327606
1,5.946176,18.438913,-21.216846,37.393631
2,5.420162,18.805855,-11.625546,-37.259037
2,28.816706,7.970706,-60.609638,-75.721275
3,27.066797,6.669464,-42.239223,-87.022408
3,27.472795,8.466227,-85.983635,-73.869331
4,26.873671,6.038910,10.547740,-58.495052
4,27.268497,8.073132,71.710922,-98.092430
0,26.973860,7.556799,-59.434200,-116.366714
1,25.414337,4.837465,10.502314,-45.423687
1,11.723137,27.935450,4.982905,0.282458
2,16.549152,15.521047,-2.461338,-7.698841
2,16.814302,15.309847,-2.707461,-6.736158
3,26.551319,7.124489,-43.815899,-106.588371
3,26.961729,6.524940,21.580978,-103.098824
4,2.547401,2.927646,-2.367809,-1.733729
4,26.269594,5.621581,-88.687363,-55.295483
0,23.427477,7.108281,-53.800262,-33.380280
1,9.940850,27.596270,-0.585206,-0.951336
1,24.266695,28.904980,-34.043320,45.489491
2,27.912346,4.992266,-80.051247,-29.720053
2,10.919348,26.622356,0.641947,0.040741
3,26.357595,6.955223,-34.212784,-126.034096
3,27.099783,6.756710,-0.473190,-100.865723
4,27.625845,6.030514,-59.583275,-48.557995
4,26.051821,6.548553,-86.395088,-28.575336
0,23.486027,28.386049,-25.273712,48.915600
1,4.428264,29.768253,5.689839,-7.237360
1,21.991781,29.140390,-27.438824,33.023033
2,17.878237,13.951838,-2.813123,-8.154642
2,3.809863,28.960464,9.607053,-9.386106
3,27.053514,6.566737,-57.897331,-82.906883
3,26.651537,6.498097,-43.687927,-98.294769
4,27.710558,5.957662,-33.106594,-102.892921
4,25.984060,5.748225,-105.588669,-145.803528
0,27.302246,7.601597,-41.530510,-75.684341
1,23.849178,29.590261,-40.240067,57.523266
1,6.038891,18.323595,4.186966,0.430629
2,22.440414,28.443323,-16.523954,55.102222
2,22.839289,7.413897,-58.604725,-43.140789
3,27.618519,7.113792,-59.224812,-128.886383
3,27.319876,7.139728,-11.491963,-123.126472
4,25.996050,6.371362,-11.044523,-59.748131
4,26.531042,5.562578,-62.823452,-96.263596
0,11.191301,27.833250,5.389984,-0.464313
1,16.489391,14.208148,-3.857389,-7.641497
1,6.812928,18.202208,-5.479721,2.795322
2,7.053535,17.341898,-2.120001,-6.065273
2,23.722454,30.090818,-45.732563,65.812431
3,26.835426,7.309180,-2.099157,-102.639915
3,27.620131,6.519341,-86.213524,-120.203804
4,28.232695,6.216452,-73.057838,-102.327896
4,13.202609,3.672531,-0.005777,0.129534
0,23.192572,8.132897,-40.873222,14.738892
1,16.935734,15.042644,-3.820266,-6.692801
1,6.316838,17.950518,25.609974,-14.150417
2,5.891840,16.808060,-27.577309,-35.308960
2,23.418938,8.909437,50.565548,-10.807507
3,26.470102,6.588391,-49.129459,-146.972443
3,27.913549,7.076626,-39.741310,-70.707329
4,28.053215,5.979604,-4.930734,-138.765030
4,11.037836,5.105558,0.000710,-0.000401
0,23.639868,7.341664,-72.961418,42.865665
1,24.256205,5.252209,-64.650757,-104.669945
1,6.173763,18.520050,4.573518,18.216379
2,6.196470,19.047169,-23.420496,-2.449876
2,11.277140,26.819618,-0.985790,-4.510369
3,26.038435,7.328384,-76.562294,-110.826118
3,27.659006,6.651782,-27.742935,-60.088478
4,25.729126,6.096109,-12.122950,-119.851021
4,2.713266,19.446455,6.783482,6.444924
0,27.656822,7.731221,-28.092054,-96.344109
1,9.672026,28.291592,0.162639,-6.818477
1,11.239422,27.270529,-2.225801,-2.161744
2,16.354794,13.204112,-2.392591,-7.482904
2,23.979980,8.421307,70.578781,-115.419708
3,26.612995,8.082062,-27.791269,-144.567230
3,9.445853,7.247133,-0.036654,0.051218
4,11.914535,2.922881,0.155942,0.082211
4,26.094576,6.055396,-63.931908,-16.508524
0,27.393911,7.622810,-38.863487,-79.465385
1,5.327341,17.693121,1.084797,-14.489267
1,24.949171,28.194784,-11.637972,68.980652
2,27.110497,9.062448,-76.963028,-95.748787
2,24.617611,7.019341,105.325035,-94.150169
3,27.464136,6.717071,6.748840,-33.746212
3,27.320169,6.422809,-27.353384,-58.694695
4,27.514063,5.428094,-22.191822,-69.374580
4,12.785257,3.663672,-0.016010,0.042460
0,23.844053,28.492073,-2.816544,60.157448
1,23.903114,28.274338,-28.268023,42.454807
1,10.964825,27.340132,1.613384,-1.545360
2,4.334249,28.912422,2.118952,-9.578225
2,22.718653,28.451611,-9.331427,33.745308
3,26.626125,7.271784,-28.582602,-123.345352
3,26.407753,7.935128,19.292923,-71.153343
4,25.620844,6.774208,49.307541,-155.639984
4,20.149960,25.701706,-6.171278,0.686684
0,26.839884,7.616764,-23.814585,-57.875732
1,16.610243,13.690431,-2.737188,-6.703967
1,6.821497,18.013737,-18.084461,-0.433289
2,22.591072,7.974706,30.697199,-34.000076
2,5.117061,18.806999,-8.783951,7.224499
3,27.078291,7.166217,-25.549402,-91.254196
3,27.269684,6.130871,-55.489822,-83.316048
4,27.081833,6.023302,-53.058895,-67.745438
4,26.073490,5.862371,3.474831,-106.849747
0,17.048077,14.113142,-3.193475,-7.386758
1,10.438667,27.310944,0.625042,-4.439521
1,17.076338,13.873190,-3.520776,-7.313143
2,26.542557,9.187867,-119.399124,-78.586380
2,7.250224,17.827110,-28.903311,-15.033465
3,27.442430,6.927254,1.118657,-96.286888
3,13.054010,2.213865,0.024258,-0.032855
4,26.236919,8.436369,-36.524437,-0.358573
4,21.109781,11.468068,-7.866316,-4.181406
0,23.374311,28.754519,-27.340796,58.633553
1,6.200366,17.841022,-3.370449,29.554338
1,17.540356,13.952282,-2.779095,-7.057589
2,11.963017,27.278879,0.514346,0.911321
2,23.925110,27.638414,-21.681458,39.127750
3,27.405197,6.231678,-54.076954,-88.870499
3,8.752989,7.756636,-0.034739,0.025370
4,26.781509,5.691054,-9.148633,-144.019989
4,3.578059,18.818247,-55.800564,14.834366
0,27.218872,7.482503,-45.882824,-112.534218
1,24.052677,29.492590,-10.416134,59.288933
1,24.809395,5.346173,11.194721,-163.192093
2,23.774054,29.826399,-16.025248,59.818649
2,9.972342,28.639883,-3.777611,0.031453
3,27.405268,7.070628,-53.306202,-141.855057
3,12.615048,2.531262,-0.000469,0.057141
4,27.782242,7.728473,-32.496685,-95.576035
4,9.079117,8.223412,0.025769,-0.022394
0,23.947926,29.044998,-22.043888,51.042858
1,6.184215,17.600359,-7.706785,11.909640
1,21.931005,6.284426,-21.222345,-22.739386
2,23.389248,30.208357,-4.147356,33.584557
2,22.561918,28.917194,-28.493935,42.194481
3,26.233912,7.138493,0.235069,-32.023518
3,26.647255,6.335712,-61.946415,-74.467888
4,28.045044,7.590990,-30.251694,-31.620836
4,29.686222,18.201521,0.632912,-0.165666
0,6.157299,18.044157,-17.405985,19.045393
1,10.684094,28.397577,2.458161,0.084878
1,6.716784,17.696232,-11.154779,28.701359
2,28.364927,8.549497,-63.333946,-79.604301
2,10.059464,27.269396,-2.977008,6.027355
3,13.337157,2.334477,-0.006571,0.020286
3,26.696310,6.881396,-3.845225,-155.212479
4,27.872761,7.532726,-31.464306,-135.540100
4,8.877115,6.373832,0.030223,-0.072962
0,26.833124,7.761384,-58.737095,-139.145172
1,24.106991,28.260223,-31.594002,67.307526
1,22.026848,28.254139,-28.436434,53.318775
2,6.369945,17.121052,0.306350,24.017633
2,22.845898,29.878349,-14.521386,28.779654
3,26.454435,7.268589,-45.636154,-95.172432
3,27.046532,6.844882,-51.618721,-68.759247
4,25.556793,6.605689,-43.403637,-27.804182
4,25.668921,7.918631,-20.975233,-60.543468
0,27.504562,7.515620,-60.201256,-112.110939
1,24.994379,6.403309,-109.109413,-115.764641
1,17.287050,14.726816,-3.951054,-5.732114
2,23.085205,29.793800,-31.950357,54.840660
2,6.899359,17.127739,-0.741599,-7.769685
3,13.077252,2.536136,-0.027754,-0.051875
3,27.198990,7.014304,-42.001091,-82.164604
4,28.384804,6.073979,-60.805931,-91.759567
4,26.182564,6.157962,-43.337906,-96.250610
0,27.614765,7.635369,-19.458378,-68.139427
1,6.548393,17.860455,-14.886352,4.708419
1,16.405924,14.896102,-2.878602,-7.679815
2,10.417575,26.665855,-0.992870,-1.183855
2,16.112913,14.936736,-4.366823,-6.741538
3,27.050335,7.063519,-62.205544,-117.053574
3,26.580801,6.619992,-44.582455,-145.590683
4,14.000742,2.082503,0.022804,-0.003225
4,28.122667,6.384091,-12.023300,-88.341309
0,23.358927,7.554834,-18.476625,-42.473541
1,24.246275,29.331057,-34.901775,32.777023
1,23.781412,29.362873,-15.242147,29.187790
2,28.221125,8.896547,-57.185490,-74.966187
2,9.506627,14.853605,6.323384,4.194145
3,12.956148,2.972145,-0.069580,-0.024074
3,27.492079,6.272231,-50.914913,-26.337967
4,25.632143,6.222920,-54.029999,-69.448586
4,28.079607,28.883001,-2.013798,-3.085756
0,10.708714,27.835726,5.556812,-1.936728
1,22.808689,28.926451,-24.617949,47.549633
1,24.237003,28.680996,-21.261375,40.227844
2,30.754461,28.729504,-0.141335,0.069285
2,7.218647,18.661291,-17.486155,-18.256138
3,12.493387,2.099180,-0.031968,0.022970
3,26.625860,7.364959,-26.215452,-72.183739
4,5.409092,27.975664,3.608761,-17.896591
4,30.148754,16.253458,-1.078169,7.040512
0,23.576372,8.273855,16.580935,49.707146
1,5.721853,18.132370,-0.790108,19.811127
1,11.681937,27.545509,-1.605857,3.560874
2,5.067391,18.406736,16.936270,-9.622126
2,5.574421,16.872486,8.498293,-0.402227
3,27.535688,6.934351,-114.765808,-67.741196
3,27.476755,6.415587,6.564927,-90.854073
4,12.009368,2.103585,0.051058,-0.034513
4,27.388285,5.593551,-10.152804,-91.278503
0,27.719189,7.421005,-55.183247,-88.212334
1,18.025009,13.643981,-4.664397,-7.454394
1,5.758924,18.291143,-13.601770,-1.409869
2,24.254780,27.798290,-31.854134,24.042259
2,22.687126,28.227108,-31.112940,29.087564
3,28.247345,8.009721,-18.560858,-44.667583
3,8.451431,7.357098,-0.018210,-0.036452
4,25.506464,7.467660,-16.684910,-105.658325
4,8.188997,7.832209,-0.076099,-0.040971
0,27.655771,7.308321,-59.912460,-38.681461
1,22.917698,8.956225,50.361187,14.581033
1,23.410610,28.171991,-36.734497,57.927780
2,24.634241,9.521360,-101.535103,-23.552736
2,4.842515,17.933535,-19.160200,19.472088
3,27.895052,6.733880,-24.003429,-159.611038
3,27.327663,6.979119,-62.829048,-112.335320
4,17.844950,28.046661,-14.075059,1.152002
4,25.860453,8.139560,-48.975025,-64.503075
0,27.262589,7.853213,-42.597763,-136.719360
1,23.542437,27.981588,-39.920151,49.967339
1,25.382536,9.699834,-6.005712,-18.739170
2,21.721893,7.579262,56.806561,-23.636204
2,22.620953,29.415419,-31.213747,47.375252
3,26.457861,6.414471,-47.523113,-111.618607
3,26.489864,7.362411,-16.538933,-78.833031
4,27.156296,8.294386,-54.519680,-44.645233
4,26.801136,5.920847,47.659340,-98.894684
0,27.844458,7.419317,-154.412827,-96.584175
1,6.075446,18.856899,-5.585996,2.115902
1,24.966074,6.877556,47.344101,0.903414
2,6.914775,18.517395,-18.674265,6.519844
2,23.703398,27.772911,-46.834507,41.107021
3,26.511999,6.996758,-39.892452,-120.554710
3,26.828268,6.310109,40.814667,-72.302353
4,26.493660,5.737685,-39.258232,-105.479881
4,0.759577,18.877853,-9.397999,6.480870
0,27.608833,7.396760,-26.797176,-75.663719
1,17.353674,13.768817,-2.581891,-6.463060
1,24.110600,7.818676,-96.851669,-29.926304
2,5.418837,17.254688,-4.659470,37.640881
2,30.692415,1.921283,0.947337,1.385980
3,27.796412,6.475381,15.203341,-133.942978
3,26.921146,6.852341,0.335583,-123.256096
4,25.468407,6.764708,56.192295,-121.397621
4,25.818792,6.631526,-54.461960,-98.008118
0,6.057817,17.910406,23.568615,30.967791
1,24.011383,29.256140,-41.027912,60.554035
1,25.187553,5.854550,-180.791016,-184.440659
2,17.267921,13.130171,-4.106102,-7.584970
2,17.937298,14.372770,-2.859878,-8.521755
3,26.411510,7.766492,-83.235802,-94.855759
3,26.689882,7.499873,-2.436599,-97.903404
4,28.058344,7.190584,25.477221,-65.584923
4,22.747900,10.457557,-70.382820,0.165102
0,11.082080,27.592199,-1.955586,-0.873641
1,6.604341,18.024839,-22.524702,16.903652
1,22.903643,27.293816,-38.727463,58.669071
2,24.768141,28.617910,-28.306231,60.165249
2,22.349298,28.678034,-38.588051,48.345016
3,26.021246,7.467972,-65.171135,-120.147476
3,26.970387,6.744324,-23.963705,-118.117569
4,12.208960,3.190782,-0.009007,0.047401
4,25.740253,7.223736,-76.178230,-92.308678
0,27.376783,7.345313,-26.086727,-82.558006
1,22.015602,6.842285,15.939717,2.745267
1,22.589352,7.642316,-10.286194,-38.962906
2,24.715981,0.478592,-10.055080,-23.257883
2,17.015137,15.572762,-3.134882,-6.637932
3,26.548967,7.916748,-44.951927,-135.552658
3,27.629402,6.265370,-22.653198,-95.201836
4,26.318249,8.160030,14.916133,-109.172050
4,20.697535,30.514416,-58.647449,27.085249
0,25.560095,2.368101,-68.506393,-91.831177
1,6.251111,17.459415,0.862571,-9.038925
1,4.098149,29.381168,6.258606,-7.806642
2,11.618006,28.294006,-0.757485,-4.391188
2,6.961232,17.753868,6.767689,12.829168
3,27.275974,6.633067,-84.929924,-114.775002
3,27.178860,7.135683,-14.501699,-134.187714
4,27.867271,5.931213,-52.055817,-105.966087
4,23.496935,3.704718,-11.526469,-30.656750
0,23.737494,28.980310,-36.991756,46.810417
1,11.241956,28.356928,-0.921556,-1.057741
1,24.897280,29.866745,-154.686874,-139.825226
2,6.394044,19.080502,-4.279884,-6.212805
2,18.169571,14.597606,-2.962104,-8.767785
3,26.925455,6.389049,-15.177237,-110.217308
3,26.201099,6.502727,-55.056393,-159.024551
4,25.887365,7.603509,-78.865753,-145.495941
4,26.700300,5.424064,-34.934971,-152.735535
0,23.399103,7.786083,-31.318016,31.058226
1,3.432349,29.954258,3.943936,-7.339447
1,6.594860,17.530848,-27.448423,11.044174
2,5.585508,17.116428,-1.232762,2.966989
2,25.061842,9.987196,-7.252311,10.380668
3,13.676472,2.324444,-0.008454,-0.103181
3,26.639326,7.933661,-40.405315,-153.630753
4,27.167963,5.743446,16.674063,-58.954662
4,27.948444,5.663839,-68.247002,-151.409378
0,10.595557,27.567295,-2.492476,2.127672
1,10.294979,27.539341,2.041391,0.199209
1,10.957760,28.387274,0.698214,-3.355742
2,23.663799,6.470044,-31.195885,-77.255592
2,15.981223,14.577420,-1.915287,-7.379898
3,12.857274,2.695863,0.002954,-0.026539
3,26.389294,7.123679,-9.224640,-142.014023
4,26.899401,8.243044,-53.029415,-161.420303
4,28.495033,7.128030,-5.026476,-164.718750
0,27.134911,7.818912,-31.130587,-96.743988
1,16.038261,14.203147,-3.699994,-6.061620
1,9.925533,27.993561,-2.329495,0.250098
2,17.684807,13.336694,-3.971560,-7.553134
2,5.207638,17.447374,-5.167623,-6.742502
3,12.320146,2.407282,0.054947,0.044785
3,26.137133,7.014406,-36.172493,-72.885757
4,28.320150,6.753211,-47.208973,-69.592964
4,25.810846,6.499693,-46.245033,-85.050079
0,23.696362,7.946453,-40.448414,-11.236854
1,6.052945,17.723181,-15.850631,20.736935
1,16.481119,14.463191,-2.494559,-7.710488
2,23.503475,16.496262,-0.146413,0.093488
2,24.630560,5.322269,58.177700,-164.463486
3,27.159790,7.329716,-45.908611,-96.814468
3,26.836487,8.413989,-6.018489,-55.140865
4,28.027819,31.380634,32.140331,25.890184
4,27.030703,8.234516,-76.147308,-84.098450
0,27.486820,7.314689,-47.492664,-112.975288
1,5.341271,18.023766,-0.494275,13.763898
1,6.269962,18.814560,-10.551564,-12.262012
2,10.778943,29.032192,7.222157,-0.157183
2,4.677918,18.123590,-8.979095,-3.513147
3,28.145430,6.877237,-36.635536,-207.222015
3,13.379566,2.640397,0.020103,-0.005418
4,25.231312,6.855264,4.408022,-70.228783
4,26.477293,8.730619,-7.171152,-152.897400
0,26.621923,11.144848,23.598526,-115.716148
1,5.613039,17.343508,-16.724396,-8.060010
1,6.393011,17.570826,24.362858,-6.583088
2,24.361750,6.746753,-119.998695,28.601225
2,6.624378,17.297020,0.777121,24.032261
3,26.642998,7.105993,59.291283,-86.648521
3,27.585018,6.378306,-88.716438,-76.434677
4,5.755086,22.149910,-1.235362,0.848454
4,25.940472,8.567427,3.076491,-157.492630
0,23.849821,28.827259,-18.176247,28.466990
1,22.768784,8.369267,-6.213582,42.871498
1,5.896298,18.216764,2.095222,-6.306076
2,24.726576,8.804285,-22.089424,-107.100914
2,1.776636,19.203318,1.903497,-8.048970
3,26.282473,6.844466,-11.819342,-58.597469
3,26.566086,7.569940,47.228363,-63.869499
4,25.711157,7.446225,-39.729801,-116.759438
4,25.991888,7.890226,-39.007790,-115.847610
0,27.170292,7.640104,-33.234917,-41.185940
1,22.999613,28.832178,-32.312820,47.911766
1,5.795929,17.872828,13.986756,5.418590
2,6.992579,18.728086,-20.250631,-16.196817
2,28.692253,8.375488,-74.945801,-72.465744
3,26.728395,7.394627,-60.771305,-74.012871
3,1.074815,28.516212,-0.103588,0.152088
4,23.075388,31.255966,-35.717144,40.572224
4,26.974640,5.467435,-28.326332,-104.325409
0,10.581950,28.066523,1.982487,-2.331717
1,31.170986,2.250789,-1.414149,-3.163573
1,22.251265,29.484892,-26.824425,51.782211
2,21.907610,7.214893,54.612762,-4.578482
2,16.329355,13.528375,-2.648709,-8.426353
3,12.978268,3.291734,-0.033064,0.045923
3,26.430025,7.465133,-45.796722,-107.926506
4,22.158657,31.881023,-33.920368,16.072041
4,25.930349,6.120821,-19.230724,-79.248962
0,23.258347,28.416592,-30.528671,62.977394
1,25.282835,9.450657,61.178070,-51.832100
1,24.196970,29.106041,-26.143814,34.125263
2,24.044867,27.943680,-18.032866,53.760452
2,6.891333,18.955889,-22.615389,15.247447
3,26.175882,6.777009,-78.078835,-86.346886
3,26.427851,7.087929,-19.463198,-205.388184
4,15.373196,25.261446,0.000000,-0.000000
4,28.013716,5.834439,-61.343937,-40.294003
0,27.499552,7.855147,-3.566719,-95.724503
1,16.277193,14.641753,-1.892136,-7.889705
1,5.801373,18.839308,3.329367,-15.613177
2,24.277061,7.594028,52.333672,-53.409725
2,22.381952,28.171820,-36.098755,40.951977
3,9.155231,6.840200,0.025777,0.009942
3,26.897848,7.450481,-16.537729,-117.473656
4,25.795242,6.797514,43.241650,-167.046249
4,28.285667,6.452210,-52.747993,-122.324600
0,11.078225,28.089376,0.538000,0.095100
1,17.551403,14.694725,-2.723145,-7.129423
1,11.015501,27.047606,2.561780,-1.635598
2,23.326942,8.461500,-10.972092,-35.302162
2,7.343359,18.348915,-14.055961,23.024355
3,13.239266,2.888873,-0.011755,0.026458
3,26.240557,7.941307,-77.673637,-61.459061
4,8.341393,6.465545,-0.005275,0.093421
4,28.146151,2.970834,11.369288,-23.820272
0,27.628403,7.528376,-32.096786,-85.159798
1,22.470133,6.614354,47.546139,4.977677
1,6.767721,17.851067,-29.144554,-7.315734
2,24.298790,29.921930,-30.211622,43.669754
2,25.640182,11.369632,23.735886,-30.114056
3,13.323484,3.223606,-0.007130,0.010005
3,27.742775,6.354057,-63.098347,-114.471954
4,15.980658,11.898810,4.057993,-9.696028
4,26.487307,6.202083,-81.832771,-116.318542
0,16.928329,14.569689,-2.932057,-6.412933
1,17.385857,14.479052,-4.194458,-7.365991
1,31.210316,1.638273,-0.293080,2.787528
2,5.805992,19.375305,-0.291308,30.285666
2,5.185169,22.314331,1.925416,1.188338
3,25.859798,6.941366,-77.181114,-52.567425
3,28.050316,6.726341,-16.803684,-99.636620
4,15.558302,12.244412,5.836547,-12.624972
4,25.909018,6.420274,52.216702,-44.509209
0,26.974224,7.809416,-89.175301,-96.612038
1,23.105036,29.246208,-19.736734,48.226177
1,24.416693,6.811698,-93.814262,56.572155
2,24.524603,5.861724,-9.944452,-166.252563
2,9.580414,27.780237,3.580395,-6.484817
3,9.251030,7.707902,-0.015491,-0.078704
3,26.217272,7.476730,-18.730425,-61.322773
4,26.545242,5.936150,-25.565882,-69.358513
4,27.652498,5.780673,-49.433800,-90.967079
0,23.742481,28.683447,-21.661079,55.054646
1,3.574019,29.462927,7.098775,-8.983412
1,22.918257,29.413095,-21.474201,42.666256
2,11.283523,14.274998,-3.008381,-2.699176
2,9.983386,26.898197,1.539584,-2.129357
3,27.179472,6.852630,3.213045,-92.983879
3,27.100512,7.270627,-1.336598,-137.264282
4,27.794823,5.614892,-7.309614,-52.990017
4,12.387474,3.550239,-0.001101,-0.020934
0,23.194317,28.625797,-38.684933,55.015617
1,6.159398,17.253111,-4.541230,-31.044111
1,25.556314,8.592917,-48.200104,-215.972504
2,5.240894,16.945387,2.585489,-4.039618
2,24.845968,30.614473,-95.569252,-76.367744
3,13.134420,1.897364,0.019282,0.020572
3,27.194365,6.614813,-8.355475,-76.658806
4,12.992522,1.478718,0.040572,0.000101
4,14.104460,2.488137,0.010393,-0.000409
0,27.224257,7.742731,-17.312738,-101.333267
1,17.047558,14.790044,-3.960002,-6.644940
1,25.065973,29.149153,-21.450703,40.033436
2,17.191566,15.274673,-2.803154,-7.127058
2,25.019758,8.141336,-26.947498,81.502205
3,12.633763,3.204333,-0.006216,-0.004022
3,27.084856,7.407250,-47.395901,-81.013702
4,25.922657,3.393093,-19.871861,-70.536415
4,28.347536,7.259784,-20.240528,-156.750549
0,23.253098,7.163180,-103.485832,-34.627377
1,23.319189,29.382847,-21.095829,61.930191
1,6.124648,18.696699,22.062634,8.759823
2,6.792675,17.414795,-10.419144,-15.491620
2,7.259672,18.084539,-4.202714,34.186920
3,26.691067,7.598770,30.081961,-51.638844
3,12.313276,2.772598,0.013060,-0.061925
4,26.491268,6.149370,-4.924067,-72.077789
4,11.913986,2.510993,-0.053281,0.044065
0,23.965179,28.647058,-28.990429,61.137775
1,24.628056,29.949421,-71.736771,51.853283
1,26.065725,4.725338,87.211243,19.887999
2,25.771967,4.668914,-1.188370,-195.011169
2,1.939522,18.366301,10.748143,-0.654238
3,26.972921,6.975365,-26.959940,-88.906540
3,26.804207,6.828696,-29.901722,-77.031738
4,13.395956,1.560250,0.058619,0.023963
4,28.164511,16.449610,1.226020,-0.485364
0,27.578032,7.230099,-72.962852,-107.135429
1,22.477617,29.854731,-15.286700,45.696892
1,23.793316,31.974901,9.716330,-69.348717
2,23.169289,27.728363,-40.099297,54.274574
2,9.664808,27.308678,6.774827,-3.124032
3,26.161945,7.250432,39.570309,-84.016068
3,26.530367,7.262587,-11.713926,-100.280083
4,14.147607,19.999424,0.725461,0.938168
4,25.555222,17.759136,0.166938,-0.586895
0,27.418585,7.488728,-64.158859,-125.576698
1,23.661453,28.230219,-22.053032,43.320087
1,23.008883,29.060453,-26.486021,48.325218
2,27.049555,4.481713,-98.609459,34.146496
2,6.685992,19.087568,-1.235778,4.252249
3,27.263815,7.053531,-20.875080,-91.367851
3,25.946337,7.076696,30.852911,-102.997406
4,28.220629,6.647063,7.718204,-61.537125
4,25.769369,7.092670,-0.784633,-55.663078
0,23.927822,7.718927,-15.627818,-18.416121
1,16.828737,13.855347,-3.970948,-6.842120
1,23.611835,29.588888,-19.430939,47.085316
2,22.856018,27.729523,-18.665827,47.249184
2,5.787793,17.061541,35.245556,-15.499121
3,27.340607,6.517623,-34.987629,-102.531418
3,26.938791,6.663026,-7.296563,-61.369083
4,25.571671,6.993027,-38.124767,-68.357010
4,3.270141,4.802451,-0.287202,2.257724
0,23.227262,29.045349,-22.670403,62.135002
1,6.341817,17.750380,-21.393202,31.285357
1,22.868338,7.609651,-50.892086,-76.321373
2,24.227482,6.394737,1.696596,-108.625511
2,24.670795,8.020420,-21.403625,5.361052
3,27.177319,6.364213,-22.610195,-146.655075
3,27.118353,6.470094,-52.235577,-54.293484
4,27.910957,7.826191,-74.220665,-111.441391
4,27.072817,5.646013,17.844421,-94.933990
0,27.070585,7.892399,-17.260160,-117.237457
1,16.387877,13.826310,-3.149929,-8.661586
1,6.448102,18.067249,7.976828,-16.357069
2,10.667321,28.721006,-3.244069,1.100738
2,24.675451,29.517490,-10.440226,30.028229
3,26.336542,7.276456,-6.552883,-111.961136
3,26.165155,7.109384,-76.188225,-104.704178
4,27.464079,8.128741,-68.875099,-78.660583
4,28.052065,7.437747,-7.584663,-131.955948
0,27.261305,7.382102,-22.903833,-153.743591
1,24.076447,5.909635,88.961311,81.664314
1,5.947816,17.613895,-5.154632,0.255729
2,28.493780,5.040462,-88.304520,-147.865021
2,17.454733,15.431887,-2.674579,-8.211802
3,13.587977,2.998514,0.040406,-0.058043
3,26.866348,7.077648,-47.046078,-126.085823
4,27.599550,7.969530,-68.933823,-133.113708
4,27.145208,30.898603,35.616100,6.823194
0,23.191448,7.404826,-87.353462,-21.510527
1,5.403941,17.853359,-13.147831,28.252319
1,16.796148,14.789097,-3.888397,-6.976660
2,22.949934,7.201353,-90.710190,-30.996223
2,5.063333,18.571770,1.549250,8.293088
3,27.313314,6.325344,-19.138521,-83.542130
3,27.805464,8.451994,-65.230103,-125.017540
4,20.772684,2.327904,-13.211905,4.836729
4,27.747595,7.860231,-59.608917,-84.407272
0,26.978773,8.008902,-5.617273,-165.225204
1,25.795826,9.754329,-16.950329,-118.078896
1,5.479082,18.372223,-22.810961,-1.521931
2,5.058953,18.037617,-3.592865,9.332165
2,17.016754,13.342161,-3.375048,-6.469179
3,24.274424,27.443096,-63.087914,59.067368
3,27.504669,6.599154,-11.843415,-59.441597
4,25.379454,6.539247,-26.293438,-142.097229
4,28.014910,7.977640,-41.867283,-92.044113
0,23.623186,8.648946,45.363937,36.041409
1,24.169235,7.922954,99.681458,-43.450150
1,24.463726,8.394715,35.570877,-57.946289
2,15.970920,13.506228,-3.497172,-6.322690
2,5.986398,19.218014,-16.102499,-9.273851
3,26.890160,7.186240,-72.156921,-149.462418
3,29.174461,16.962303,-1.303592,9.832750
4,23.476635,31.492365,-34.398159,40.490292
4,24.283716,13.944731,-17.894630,9.731327
0,27.745775,7.209506,-6.827822,-128.833649
1,23.739130,30.449371,-22.151579,40.675404
1,23.799915,28.056402,-21.204439,50.019981
2,24.381882,28.368811,-16.205713,83.105141
2,22.611612,27.955698,-23.375275,32.000599
3,27.962217,6.459552,-39.338043,-127.252022
3,27.919775,6.862880,-53.978428,-71.700333
4,28.364799,6.275589,54.691700,-102.836174
4,1.397815,17.935312,10.817912,-2.468322
0,26.798525,7.863892,5.273751,-64.871101
1,10.707085,27.252691,-0.222331,6.351124
1,5.984542,17.312304,1.710063,18.280926
2,24.695351,6.318880,-168.818588,-109.559273
2,4.157662,30.724470,5.016389,-4.486529
3,26.054159,7.657767,-49.767689,-170.788422
3,26.450788,7.581953,-83.447586,-62.842690
4,25.329849,7.196163,8.498008,-81.464050
4,27.976137,7.277388,-52.596134,-82.620750
0,16.828535,14.091484,-3.226995,-7.023209
1,6.279983,18.128225,0.504693,4.877712
1,24.114880,8.040093,-22.206400,-97.631775
2,23.529213,29.893433,-18.423315,41.466991
2,24.947889,8.681834,-7.966266,-22.276278
3,27.527643,7.017683,-73.960258,-82.622330
3,12.599063,2.897635,-0.053942,-0.003304
4,22.926868,13.644652,-94.454903,182.589859
4,13.591267,3.533004,-0.015575,0.081580
0,10.936121,27.860678,3.873803,-3.764847
1,17.693151,14.177380,-2.377280,-7.616313
1,23.114355,8.457298,-107.620186,64.763489
2,24.340342,8.655944,50.883873,-54.956974
2,11.227790,28.962795,5.635088,-4.827967
3,26.720484,6.522079,-13.964051,-132.424927
3,26.606073,6.824440,-53.216953,-96.439484
4,25.781000,7.351485,-85.566315,-79.438095
4,26.535271,8.425330,-52.488029,-129.809677
0,27.337898,7.894016,-12.805361,-111.317619
1,6.371871,18.429800,-6.854818,-5.349588
1,24.174618,9.202647,12.798216,144.675232
2,16.115248,15.271456,-2.025013,-7.478294
2,5.052591,17.590927,13.309005,35.310684
3,12.785285,1.911007,-0.018601,-0.032526
3,26.600021,6.754506,-33.011581,-115.639587
4,27.901670,6.098379,-52.308613,-145.487778
4,26.906446,5.755207,-43.705219,-116.432388
0,23.546839,29.016680,-22.140135,56.125645
1,17.645412,14.442193,-3.605299,-7.365814
1,6.050032,17.446732,-21.295784,-24.576557
2,23.446785,27.715971,-37.960346,23.638432
2,24.481115,29.070616,-37.720425,51.015507
3,28.289404,6.935091,-82.421387,-131.279419
3,26.786659,6.941079,-20.361784,-59.566124
4,27.487186,5.854564,58.321129,-57.483097
4,29.753647,15.857620,-4.978409,3.209151
0,27.440718,7.742510,-1.776763,-74.391823
1,23.358305,29.630829,-1.929947,47.278423
1,16.568520,14.699439,-3.146645,-6.517097
2,24.655870,28.268087,-32.636219,42.235439
2,10.696741,26.909321,7.922402,1.731975
3,26.579565,7.437937,-43.755192,-120.559608
3,26.798603,6.203125,-55.012711,-92.169884
4,27.271929,5.791994,-60.302959,-96.694756
4,19.007965,19.949537,1.787781,1.275304
0,27.188908,7.551562,-0.900558,-97.919998
1,21.979799,28.686275,-27.276163,33.564770
1,6.399515,17.372404,-10.251591,15.849995
2,22.935093,27.991611,-11.919714,51.520336
2,24.790125,28.922661,-42.514481,47.725273
3,27.096073,6.985385,8.900217,-97.143082
3,26.642820,7.673468,3.494047,-176.488983
4,28.132811,7.314369,-14.553901,-125.014404
4,25.670496,6.490326,7.206350,-64.102692
0,23.803089,29.163626,-20.512589,67.525299
1,24.124031,28.491943,-42.662449,66.864662
1,16.595304,13.985951,-3.858764,-7.323332
2,22.964916,30.187664,-28.556311,39.696987
2,24.547827,28.834385,-28.137957,50.026943
3,26.929806,6.944258,-15.114629,-68.846336
3,27.212103,6.489504,-39.143379,-51.624924
4,27.922068,7.690015,-91.254463,-83.077377
4,8.535739,8.250219,0.034373,0.060626
0,24.266928,8.264628,-118.959442,35.818497
1,5.405621,18.209686,-6.658885,-13.351700
1,22.902399,28.663755,-15.002390,45.231720
2,5.295332,18.634697,-11.614385,-13.358669
2,5.200491,17.219713,3.132100,-17.705395
3,26.331663,7.413271,36.163109,-115.873619
3,26.209269,6.947464,-4.157286,-103.851418
4,10.275146,14.832259,5.745536,-5.738920
4,26.733368,6.075858,-13.934595,-79.968567
0,26.738373,7.771204,-77.000122,-86.711899
1,5.208214,18.225739,-14.357011,43.577194
1,27.655594,9.689234,33.743999,-91.833824
2,6.731817,16.913094,4.657552,27.313135
2,15.777077,13.966465,-2.778139,-6.609154
3,27.288736,6.871055,-56.048649,-92.098656
3,26.360825,6.520299,30.248579,-39.617432
4,26.683060,5.680749,-103.010170,-76.962776
4,1.266781,6.891507,0.242758,0.988798
0,10.823744,28.124205,0.040858,-1.120525
1,22.184877,27.800550,-25.753185,46.437073
1,6.697064,18.358913,-17.581158,-0.447628
2,12.311152,12.763860,2.177945,0.330386
2,17.676111,15.174815,-2.922391,-7.481703
3,26.848608,6.734045,-57.280132,-56.848286
3,26.694513,7.250703,-51.658611,-59.904186
4,20.459000,12.601506,-68.538567,50.700474
4,27.402460,6.000780,-17.974651,-92.997330
0,10.836092,27.590899,-2.760023,-2.528411
1,5.622897,18.389080,3.785960,1.213431
1,5.933182,18.735411,-2.264272,9.518361
2,26.206942,4.906507,-71.243172,-4.002955
2,18.170837,14.122912,-2.592251,-7.656250
3,27.454813,6.533918,-4.716097,-70.263092
3,8.658866,6.901597,-0.044976,-0.001563
4,27.185936,5.983562,-16.621130,-65.694351
4,25.911203,6.773265,-44.587032,-41.568356
0,16.726439,14.496225,-2.518975,-7.677204
1,23.160536,28.221924,-42.174744,39.712429
1,5.653308,17.940575,-35.569160,27.949001
2,17.663408,13.673363,-5.243612,-7.110377
2,4.725898,17.638107,0.049409,59.512688
3,26.858173,6.589562,-35.542622,-127.417595
3,26.682055,6.634409,-57.001205,-114.996758
4,19.420887,27.907251,-12.142980,-0.574154
4,26.383924,5.901385,-92.054573,-103.788406
0,27.034184,7.648571,11.487675,-112.072769
1,11.702118,26.859507,0.266820,-2.882092
1,5.646489,17.551378,-29.170605,3.767186
2,6.379225,16.840912,-3.414904,0.970292
2,17.830782,14.727450,-2.284325,-6.967867
3,27.679457,6.969970,-43.079506,-82.976692
3,27.814459,6.590023,-3.148531,-128.933960
4,22.418526,12.147408,-119.151047,53.270958
4,22.443645,11.066854,-63.452042,-1.788000
0,27.498905,7.668590,-63.158649,-125.803467
1,23.683306,27.309717,-22.196981,71.763481
1,25.757458,9.405834,-14.137113,-184.017120
2,30.092905,23.087854,-0.008066,0.366872
2,22.692411,9.039867,52.673878,-48.995796
3,26.246420,7.344694,-7.955751,-65.079559
3,28.040421,6.919812,-40.412365,-121.623909
4,28.488995,6.543494,-26.821424,-75.444260
4,26.473301,5.971127,-22.826584,-101.849106
0,23.392345,28.942764,-23.305475,46.353035
1,11.462686,27.811283,5.229687,-3.937908
1,10.167184,27.796822,-2.164424,-0.557633
2,22.529316,29.176821,-24.573648,48.068012
2,7.040490,18.384476,-17.224180,38.001373
3,27.298574,8.324070,-85.936287,-79.947609
3,26.506741,6.898309,-62.610916,-138.318863
4,27.121342,15.214858,-3.802164,9.794367
4,26.053617,8.085200,-103.255608,-90.366005
0,27.094702,7.725344,-10.535768,-63.640949
1,5.599840,18.162159,-15.852735,5.364698
1,6.164662,18.198669,-8.887256,0.338334
2,6.917923,17.566961,1.439015,7.057250
2,15.790600,14.866444,-2.997405,-8.213101
3,13.466739,2.024086,-0.009019,-0.045242
3,27.269390,6.218498,-20.005253,-11.366632
4,25.722210,6.973851,-37.292133,-196.157669
4,28.470757,7.472342,22.892570,-139.718262
0,23.196650,28.838953,-34.092224,58.363640
1,24.265083,30.319700,-10.104126,51.498104
1,5.305454,18.437592,-41.308353,7.377314
2,5.522656,19.315073,-20.956924,-0.335672
2,17.975241,15.001508,-2.349299,-7.040776
3,27.823133,6.943267,-64.790131,-27.101240
3,28.282751,7.687706,13.986877,-77.044548
4,26.770737,8.203753,-76.618065,-83.419762
4,17.259420,16.963102,-14.009468,-9.424685
0,27.329556,7.743871,-6.623939,-24.937506
1,17.210192,14.998490,-2.511956,-6.845582
1,16.664158,15.003386,-2.701577,-8.183528
2,24.459961,29.356928,-30.380774,26.711746
2,27.889444,9.067425,-90.778183,-96.572144
3,26.002748,7.218922,24.506088,-67.207245
3,27.618130,8.156730,18.608318,-73.141068
4,9.793816,7.699751,0.087291,0.092251
4,26.341516,6.232651,-36.170052,-28.009111
0,26.898540,7.885405,-137.876862,-135.561386
1,6.487889,17.729801,-21.947668,16.748816
1,25.117352,28.634977,-11.491588,63.385208
2,15.723705,14.382691,-2.615568,-6.424832
2,23.246517,27.983438,-23.069315,47.880337
3,27.126486,6.325636,-12.749616,-99.928520
3,26.117056,7.471800,-65.672142,-102.877724
